site_id, cfu, ctx
1,0,0
2,0,0
3,0,0
4,0,0
5,0,0
6,0,0
7,0,0
8,1,0
9,0,0
1,0,0
2,0,0
3,0,0
4,0,0
5,0,0
6,0,0
7,0,0
8,0,0
9,5,0
1,0,0
2,0,0
3,0,0
4,0,0
5,0,0
6,1,0
7,0,0
8,0,0
9,1,0
1,0,0
2,0,0
3,0,0
4,0,0
5,0,0
6,0,0
7,0,0
8,0,0
9,1,0
1,0,0
2,0,0
3,0,0
4,0,0
5,0,0
6,0,0
7,0,0
8,0,0
9,141,0
10,0,0
1,0,0
2,0,0
3,0,0
4,0,0
5,0,0
6,0,0
7,0,0
8,0,0
9,58,0
11,0,0
11,0,0
11,0,0
6,1,0
7,0,0
8,0,0
9,1,0
10,0,0
1,0,0
2,0,0
3,0,0
4,0,0
5,1,0
6,0,0
7,0,0
8,0,0
9,4,0
10,1,0
1,0,0
2,0,0
3,0,0
4,0,0
5,0,0
1,0,0
2,0,0
3,0,0
4,0,0
5,0,0
9,0,0
10,0,0
6,1,0
7,0,0
10,0,0
12,1,0
13,0,0
8,0,0
11,0,0
16,0,0
17,0,0
1,0,1
2,0,1
3,0,1
4,0,1
5,0,1
6,0,1
7,0,1
8,0,1
9,0,1
1,0,1
2,1,1
3,0,1
4,0,1
5,0,1
6,0,1
7,0,1
8,0,1
9,0,1
1,0,1
2,0,1
3,0,1
4,0,1
5,0,1
6,0,1
7,0,1
8,0,1
9,0,1
1,0,1
2,0,1
3,0,1
4,0,1
5,0,1
6,0,1
7,0,1
8,0,1
9,0,1
1,0,1
2,0,1
3,0,1
4,0,1
5,1,1
6,0,1
7,0,1
8,0,1
9,27,1
10,0,1
1,0,1
2,0,1
3,0,1
4,0,1
5,0,1
6,0,1
7,0,1
8,0,1
9,15,1
11,0,1
11,0,1
11,0,1
6,0,1
7,0,1
8,0,1
9,2,1
10,0,1
1,0,1
2,0,1
3,0,1
4,0,1
5,0,1
6,0,1
7,0,1
8,0,1
9,5,1
10,0,1
1,0,1
2,0,1
3,0,1
4,0,1
5,0,1
1,0,1
2,0,1
3,0,1
4,0,1
5,0,1
9,0,1
10,0,1
6,0,1
7,0,1
10,0,1
12,0,1
13,0,1
8,0,1
11,0,1
16,0,1
17,0,1
1,1,0
2,47,0
3,7,0
4,2,0
5,18,0
6,6,0
7,11,0
8,22,0
9,17,0
1,1,0
2,56,0
3,4,0
4,178,0
5,8,0
6,4,0
7,9,0
8,11,0
9,41,0
1,7,0
2,15,0
3,2,0
4,6,0
5,26,0
6,114,0
7,12,0
8,18,0
9,46,0
1,6,0
2,4,0
3,7,0
4,3,0
5,10,0
6,23,0
8,228,0
9,79,0
1,11,0
2,28,0
3,6,0
4,38,0
5,5,0
6,2,0
7,11,0
8,29,0
9,583,0
10,10,0
1,10,0
2,2,0
3,6,0
4,6,0
5,109,0
6,15,0
7,9,0
8,22,0
9,643,0
11,18,0
11,12,0
11,4,0
6,60,0
7,3,0
8,12,0
9,1287,0
10,23,0
1,3,0
2,3,0
3,5,0
4,19,0
5,65,0
6,65,0
7,5,0
8,12,0
9,1502,0
10,131,0
1,21,0
2,24,0
3,12,0
4,5,0
5,200,0
9,563,0
10,8,0
6,39,0
7,15,0
10,29,0
12,40,0
13,5,0
8,27,0
11,3,0
16,3,0
17,19,0
1,0,1
2,0,1
3,0,1
4,0,1
5,2,1
7,0,1
8,2,1
9,8,1
1,2,1
2,0,1
3,0,1
4,0,1
5,5,1
6,43,1
7,3,1
8,0,1
9,6,1
1,1,1
2,2,1
3,0,1
4,0,1
5,8,1
6,2,1
8,0,1
9,13,1
1,0,1
2,1,1
3,0,1
4,0,1
5,4,1
6,2,1
7,3,1
8,1,1
9,389,1
10,5,1
1,0,1
2,0,1
3,1,1
4,1,1
5,6,1
6,13,1
7,2,1
8,3,1
9,343,1
11,8,1
11,1,1
11,0,1
6,11,1
7,0,1
8,1,1
9,1562,1
10,3,1
1,1,1
2,0,1
3,1,1
4,0,1
5,54,1
6,66,1
7,3,1
8,3,1
9,1684,1
10,27,1
1,0,1
2,0,1
3,0,1
4,1,1
5,36,1
1,0,1
2,0,1
3,0,1
4,0,1
5,0,1
9,695,1
10,1,1
6,26,1
7,3,1
10,0,1
12,2,1
13,2,1
8,1,1
11,1,1
16,1,1
17,2,1
1,26,0
2,180,0
3,52,0
4,36,0
5,28,0
7,44,0
8,76,0
9,42,0
1,5,0
2,808,0
3,17,0
4,1657,0
5,25,0
6,15,0
7,38,0
8,22,0
9,56,0
1,5,0
2,35,0
3,7,0
4,19,0
5,9,0
6,59,0
7,12,0
8,738,0
9,178,0
1,1,0
2,4,0
3,28,0
4,4,0
5,14,0
6,12,0
8,139,0
9,11,0
1,14,0
2,37,0
3,10,0
4,61,0
5,13,0
6,5,0
7,6,0
8,22,0
9,322,0
10,15,0
1,11,0
2,6,0
3,4,0
4,15,0
5,114,0
6,7,0
7,15,0
8,26,0
9,632,0
11,16,0
11,14,0
11,13,0
6,56,0
7,3,0
8,19,0
9,275,0
10,27,0
1,5,0
2,9,0
3,9,0
4,34,0
5,48,0
6,26,0
7,8,0
8,21,0
9,87,0
10,219,0
1,24,0
2,31,0
3,15,0
4,38,0
5,160,0
1,20,0
2,36,0
3,41,0
4,11,0
5,3,0
9,60,0
10,10,0
6,12,0
7,15,0
10,29,0
12,23,0
13,5,0
8,28,0
11,13,0
16,3,0
17,35,0
1,16,1
2,21,1
3,18,1
4,19,1
5,16,1
7,15,1
8,15,1
9,20,1
1,2,1
2,2,1
3,2,1
4,1,1
5,14,1
6,10,1
7,4,1
8,3,1
9,12,1
1,1,1
2,2,1
3,0,1
4,1,1
5,0,1
6,37,1
7,3,1
8,0,1
9,7,1
1,5,1
2,1,1
3,1,1
4,0,1
5,3,1
6,4,1
8,0,1
9,3,1
1,0,1
2,3,1
3,0,1
4,0,1
5,7,1
6,3,1
7,4,1
8,0,1
9,87,1
10,328,1
1,0,1
2,0,1
3,0,1
4,0,1
5,2,1
6,1,1
7,3,1
8,2,1
9,325,1
11,0,1
11,1,1
11,2,1
6,4,1
7,0,1
8,1,1
9,34,1
10,0,1
1,0,1
2,0,1
3,0,1
4,0,1
5,22,1
6,4,1
7,0,1
8,2,1
9,124,1
10,33,1
1,0,1
2,1,1
3,0,1
4,0,1
5,7,1
1,3,1
2,2,1
3,1,1
4,3,1
5,0,1
9,13,1
10,0,1
6,1,1
7,0,1
10,1,1
12,0,1
13,1,1
8,6,1
11,0,1
16,0,1
17,1,1
